 AIMExt (Version 14.11.23, Professional)
 Portions Copyright (c) 1997-2014 by Todd A. Keith
 AIMExt is a component of the AIMAll package ( http://aim.tkgristmill.com )

 AIMExt is a heavily modified and extended version of the EXTREME program
 developed by members of R.F.W. Bader's research group

 Much of the Quantum Theory of Atoms in Molecules (QTAIM) is described in the book:
   "Atoms in Molecules - A Quantum Theory"
   R.F.W. Bader, Oxford University Press, Oxford, 1990

 For additional references see:  http://aim.tkgristmill.com/references.html

 Wfn File:  C:\AIMAll\test\111propellane\111propellane.wfn
 ExtOut File:  C:\AIMAll\test\111propellane\111propellane.extout
 Mgp File:  C:\AIMAll\test\111propellane\111propellane.mgp

 MgpViz File:  C:\AIMAll\test\111propellane\111propellane.mgpviz

 Wfn Title:  1.1.1-Propellane HF/6-311++G(2d,2p)//HF/6-311++G(2d,2p)                        
 Job Title:  Auto                                                                           
 
Nuclear Charges and Cartesian Coordinates:
-------------------------------------------------------------------------------
Atom      Charge                X                  Y                  Z
-------------------------------------------------------------------------------
C1         6.0           0.0000000000E+00   2.3265459100E+00   0.0000000000E+00
C2         6.0           0.0000000000E+00   0.0000000000E+00   1.7647056500E+00
C3         6.0           0.0000000000E+00   0.0000000000E+00  -1.7647056500E+00
H4         1.0           1.6866221200E+00   3.4814514700E+00   0.0000000000E+00
H5         1.0          -1.6866221200E+00   3.4814514700E+00   0.0000000000E+00
C6         6.0          -2.0148478600E+00  -1.1632729600E+00   0.0000000000E+00
H7         1.0          -2.1717143500E+00  -3.2013833400E+00   0.0000000000E+00
H8         1.0          -3.8583364700E+00  -2.8006813000E-01   0.0000000000E+00
C9         6.0           2.0148478600E+00  -1.1632729600E+00   0.0000000000E+00
H10        1.0           2.1717143500E+00  -3.2013833400E+00   0.0000000000E+00
H11        1.0           3.8583364700E+00  -2.8006813000E-01   0.0000000000E+00
H12        1.0           0.0000000000E+00   0.0000000000E+00   3.8040484300E+00
H13        1.0           0.0000000000E+00   0.0000000000E+00  -3.8040484300E+00

Total number of electron density critical points found =     31

Electron Density Critical Point Analysis of Molecular Structure:
---------------------------------------------------------------
  NACP = Nuclear Attractor Critical Point
  NNACP = Non-Nuclear Attractor Critical Point
  BCP = Bond Critical Point
  RCP = Ring Critical Point
  CCP = Cage Critical Point
  Rho = Electron Density
  GradRho = Gradient of Electron Density
  HessRho_EigVals = Eigenvalues of the Hessian of Rho, Ascending Order
  HessRho_EigVecs = Eigenvectors of the Hessian of Rho
  DelSqRho = Laplacian of Rho = Trace of Hessian of Rho
  Bond Ellipticity = (HessRho_EigVal(1) / HessRho_EigVal(2)) - 1
  V = Virial Field = Potential Energy Density = Trace of Stress Tensor
  G = Lagrangian Form of Kinetic Energy Density
  K = Hamiltonian Form of Kinetic Energy Density
  L = K - G = Lagrangian Density = (-1/4)DelSqRho
  Vnuc = Electrostatic Potential from Nuclei
  Ven = Electron-nuclear attractive contribution to Virial Field V
  Vrep = V - Ven = Repulsive contribution to Virial Field V
  DelSqV = Laplacian of V
  DelSqVen = Laplacian of Ven
  DelSqVrep = Laplacian of Vrep
  DelSqG = Laplacian of G
  DelSqK = Laplacian of K
  Stress_EigVals = Eigenvalues of Stress Tensor, Ascending Order
  Stress_EigVecs = Eigenvectors of Stress Tensor
  -DivStress = Ehrenfest Force Density = Minus Divergence of Stress Tensor
  ESP = Total Electrostatic Potential
  ESPe = Electrostatic Potential from Electrons
  ESPn = Electrostatic Potential from Nuclei
  BP = Bond Path
  BPL = Bond Path Length
  GBL = Geometric Bond Length
  GBL_I = Distance Between Nuclear Attractors
  GBL_II = Distance Between Nuclei
  GBL_III = Sum of Distances Between BCP and Nuclear Attractors
  GBL_IV = Sum of Distances Between BCP and Nuclei

CP# 1      Coords =  7.46451309865055E-23  2.32654476334730E+00  1.15591409971914E-22
           Type = (3,-3) NACP C1
           Rho =  1.1947619008E+02     Rho at Nucleus =  1.1947618997E+02
           GradRho = -1.1001300615E-17 -6.7917671487E-10  3.8711366647E-17
           HessRho_EigVals = -1.8122298196E+05 -1.8122273834E+05 -1.8122206708E+05
           HessRho_EigVec1 =  0.0000000000E+00  0.0000000000E+00  1.0000000000E+00
           HessRho_EigVec2 =  0.0000000000E+00  1.0000000000E+00  0.0000000000E+00
           HessRho_EigVec3 =  1.0000000000E+00  0.0000000000E+00  0.0000000000E+00
           DelSqRho = -5.4366778738E+05
           Bond Ellipticity = NA
           V = -1.3593102108E+05
           G =  7.0371183109E+00
           K =  1.3592398396E+05
           L =  1.3591694685E+05
           Vnuc =  5.2326311713E+06
           Ven = -6.2517483646E+08
           Vrep =  6.2503890544E+08
           DelSqV =  4.6068292904E+09
           DelSqVen =  2.8448130990E+12
           DelSqVrep = -2.8402062697E+12
           DelSqG =  2.0618406940E+08
           DelSqK = -4.8130133598E+09
           Stress_EigVals = -4.5310508759E+04 -4.5310365095E+04 -4.5310147229E+04
           Stress_EigVec1 =  1.0000000000E+00  0.0000000000E+00  0.0000000000E+00
           Stress_EigVec2 =  0.0000000000E+00  1.0000000000E+00  0.0000000000E+00
           Stress_EigVec3 =  0.0000000000E+00  0.0000000000E+00  1.0000000000E+00
           -DivStress = -1.1086241435E-13  1.7208126626E+03 -1.6293814283E-13
           ESP =  -1.4739445695E+01     ESP at Nucleus =  -1.4739445694E+01
           ESPe = -2.4019981451E+01     ESPe at Nucleus = -2.4019979560E+01
           ESPn =  9.2805357560E+00     ESPn at Nucleus =  9.2805338667E+00

CP# 2      Coords =  4.71572430131853E-23  3.04534746703209E-15  1.76470363814759E+00
           Type = (3,-3) NACP C2
           Rho =  1.1946713586E+02     Rho at Nucleus =  1.1946713550E+02
           GradRho = -6.1735627384E-18 -1.3485702957E-17 -3.6583065466E-09
           HessRho_EigVals = -1.8120889824E+05 -1.8120889824E+05 -1.8120836864E+05
           HessRho_EigVec1 =  1.0000000000E+00  0.0000000000E+00  0.0000000000E+00
           HessRho_EigVec2 =  0.0000000000E+00  1.0000000000E+00  9.0046167867E-10
           HessRho_EigVec3 =  0.0000000000E+00 -9.0046167867E-10  1.0000000000E+00
           DelSqRho = -5.4362616512E+05
           Bond Ellipticity = NA
           V = -1.3592030783E+05
           G =  6.8832774181E+00
           K =  1.3591342456E+05
           L =  1.3590654128E+05
           Vnuc =  2.9823360620E+06
           Ven = -3.5629114751E+08
           Vrep =  3.5615522720E+08
           DelSqV =  4.6064713860E+09
           DelSqVen =  1.6212759347E+12
           DelSqVrep = -1.6166694306E+12
           DelSqG =  2.0616748274E+08
           DelSqK = -4.8126388687E+09
           Stress_EigVals = -4.5306953766E+04 -4.5306677034E+04 -4.5306677034E+04
           Stress_EigVec1 =  0.0000000000E+00 -1.0876667631E-10  1.0000000000E+00
           Stress_EigVec2 =  0.0000000000E+00  1.0000000000E+00  1.0876667631E-10
           Stress_EigVec3 =  1.0000000000E+00  0.0000000000E+00  0.0000000000E+00
           -DivStress = -6.7685755587E-14 -4.3490442611E-06  3.0198166713E+03
           ESP =  -1.4722433671E+01     ESP at Nucleus =  -1.4722433674E+01
           ESPe = -2.4667636036E+01     ESPe at Nucleus = -2.4667632645E+01
           ESPn =  9.9452023649E+00     ESPn at Nucleus =  9.9451989711E+00

CP# 3      Coords = -2.48979459759194E-23  3.04534743292579E-15 -1.76470363814759E+00
           Type = (3,-3) NACP C3
           Rho =  1.1946713586E+02     Rho at Nucleus =  1.1946713550E+02
           GradRho =  1.4352710741E-17 -3.5386742842E-17  3.6583041041E-09
           HessRho_EigVals = -1.8120889824E+05 -1.8120889824E+05 -1.8120836864E+05
           HessRho_EigVec1 =  1.0000000000E+00  0.0000000000E+00  0.0000000000E+00
           HessRho_EigVec2 =  0.0000000000E+00  1.0000000000E+00 -9.0046171318E-10
           HessRho_EigVec3 =  0.0000000000E+00  9.0046171318E-10  1.0000000000E+00
           DelSqRho = -5.4362616512E+05
           Bond Ellipticity = NA
           V = -1.3592030783E+05
           G =  6.8832774181E+00
           K =  1.3591342456E+05
           L =  1.3590654128E+05
           Vnuc =  2.9823360620E+06
           Ven = -3.5629114751E+08
           Vrep =  3.5615522720E+08
           DelSqV =  4.6064713860E+09
           DelSqVen =  1.6212759020E+12
           DelSqVrep = -1.6166694306E+12
           DelSqG =  2.0616748274E+08
           DelSqK = -4.8126388687E+09
           Stress_EigVals = -4.5306953766E+04 -4.5306677034E+04 -4.5306677034E+04
           Stress_EigVec1 =  0.0000000000E+00  1.0876665201E-10  1.0000000000E+00
           Stress_EigVec2 =  0.0000000000E+00  1.0000000000E+00 -1.0876665201E-10
           Stress_EigVec3 =  1.0000000000E+00  0.0000000000E+00  0.0000000000E+00
           -DivStress =  3.3097396135E-14 -4.3490442143E-06 -3.0198166713E+03
           ESP =  -1.4722433671E+01     ESP at Nucleus =  -1.4722433674E+01
           ESPe = -2.4667636036E+01     ESPe at Nucleus = -2.4667632645E+01
           ESPn =  9.9452023649E+00     ESPn at Nucleus =  9.9451989711E+00

CP# 4      Coords =  1.65979808394104E+00  3.46277519390733E+00  3.97957668889697E-21
           Type = (3,-3) NACP H4
           Rho =  4.4693258871E-01     Rho at Nucleus =  4.4247219495E-01
           GradRho = -4.6200890336E-14 -3.3853128634E-14  3.2786564078E-19
           HessRho_EigVals = -8.8265727263E+00 -8.8226009526E+00 -8.0234489993E+00
           HessRho_EigVec1 = -5.7183448511E-01  8.2036901553E-01  0.0000000000E+00
           HessRho_EigVec2 =  0.0000000000E+00  0.0000000000E+00  1.0000000000E+00
           HessRho_EigVec3 =  8.2036901553E-01  5.7183448511E-01  0.0000000000E+00
           DelSqRho = -2.5672622678E+01
           Bond Ellipticity = NA
           V = -6.4338712105E+00
           G =  7.8577704745E-03
           K =  6.4260134400E+00
           L =  6.4181556696E+00
           Vnuc =  4.0054834299E+01
           Ven = -1.7901810783E+01
           Vrep =  1.1467939573E+01
           DelSqV =  1.6412835274E+03
           DelSqVen =  1.0283126474E+03
           DelSqVrep =  6.1297088004E+02
           DelSqG =  1.2340823464E+02
           DelSqK = -1.7646917621E+03
           Stress_EigVals = -2.2124455620E+00 -2.2123756467E+00 -2.0090500018E+00
           Stress_EigVec1 =  0.0000000000E+00  0.0000000000E+00  1.0000000000E+00
           Stress_EigVec2 = -5.7166352738E-01  8.2048815437E-01  0.0000000000E+00
           Stress_EigVec3 =  8.2048815437E-01  5.7166352738E-01  0.0000000000E+00
           -DivStress =  1.4304855074E+01  9.9611901143E+00 -1.8148913846E-18
           ESP =  -1.1369094039E+00     ESP at Nucleus =  -1.1382793894E+00
           ESPe = -1.0596998481E+01     ESPe at Nucleus = -1.0517912375E+01
           ESPn =  9.4600890769E+00     ESPn at Nucleus =  9.3796329857E+00

CP# 5      Coords = -1.65979808394104E+00  3.46277519390733E+00 -5.74151540597099E-20
           Type = (3,-3) NACP H5
           Rho =  4.4693258871E-01     Rho at Nucleus =  4.4247219495E-01
           GradRho =  4.6176604207E-14 -3.3881751571E-14  7.5633878812E-19
           HessRho_EigVals = -8.8265727263E+00 -8.8226009526E+00 -8.0234489993E+00
           HessRho_EigVec1 =  5.7183448511E-01  8.2036901553E-01  0.0000000000E+00
           HessRho_EigVec2 =  0.0000000000E+00  0.0000000000E+00  1.0000000000E+00
           HessRho_EigVec3 =  8.2036901553E-01 -5.7183448511E-01  0.0000000000E+00
           DelSqRho = -2.5672622678E+01
           Bond Ellipticity = NA
           V = -6.4338712105E+00
           G =  7.8577704745E-03
           K =  6.4260134400E+00
           L =  6.4181556696E+00
           Vnuc =  4.0054834299E+01
           Ven = -1.7901810783E+01
           Vrep =  1.1467939573E+01
           DelSqV =  1.6412835274E+03
           DelSqVen =  1.0283126474E+03
           DelSqVrep =  6.1297088004E+02
           DelSqG =  1.2340823464E+02
           DelSqK = -1.7646917621E+03
           Stress_EigVals = -2.2124455620E+00 -2.2123756467E+00 -2.0090500018E+00
           Stress_EigVec1 =  0.0000000000E+00  0.0000000000E+00  1.0000000000E+00
           Stress_EigVec2 =  5.7166352738E-01  8.2048815437E-01  0.0000000000E+00
           Stress_EigVec3 =  8.2048815437E-01 -5.7166352738E-01  0.0000000000E+00
           -DivStress = -1.4304855074E+01  9.9611901143E+00  2.9561874208E-17
           ESP =  -1.1369094039E+00     ESP at Nucleus =  -1.1382793894E+00
           ESPe = -1.0596998481E+01     ESPe at Nucleus = -1.0517912375E+01
           ESPn =  9.4600890769E+00     ESPn at Nucleus =  9.3796329857E+00

CP# 6      Coords = -2.01484686696965E+00 -1.16327238667366E+00 -1.42474561652014E-23
           Type = (3,-3) NACP C6
           Rho =  1.1947619024E+02     Rho at Nucleus =  1.1947619012E+02
           GradRho =  6.1476157498E-10  3.5601643855E-10 -1.4086530730E-17
           HessRho_EigVals = -1.8122298215E+05 -1.8122273853E+05 -1.8122206727E+05
           HessRho_EigVec1 =  0.0000000000E+00  0.0000000000E+00  1.0000000000E+00
           HessRho_EigVec2 =  8.6602540035E-01  5.0000000595E-01  0.0000000000E+00
           HessRho_EigVec3 = -5.0000000595E-01  8.6602540035E-01  0.0000000000E+00
           DelSqRho = -5.4366778795E+05
           Bond Ellipticity = NA
           V = -1.3593102122E+05
           G =  7.0371183093E+00
           K =  1.3592398411E+05
           L =  1.3591694699E+05
           Vnuc =  5.2326312472E+06
           Ven = -6.2517484636E+08
           Vrep =  6.2503891534E+08
           DelSqV =  4.6068292941E+09
           DelSqVen =  2.8448132956E+12
           DelSqVrep = -2.8402064008E+12
           DelSqG =  2.0618406955E+08
           DelSqK = -4.8130133637E+09
           Stress_EigVals = -4.5310508806E+04 -4.5310365142E+04 -4.5310147276E+04
           Stress_EigVec1 = -5.0000000379E-01  8.6602540159E-01  0.0000000000E+00
           Stress_EigVec2 =  8.6602540159E-01  5.0000000379E-01  0.0000000000E+00
           Stress_EigVec3 =  0.0000000000E+00  0.0000000000E+00  1.0000000000E+00
           -DivStress = -1.4902674609E+03 -8.6040632469E+02  2.0936924010E-14
           ESP =  -1.4739445713E+01     ESP at Nucleus =  -1.4739445712E+01
           ESPe = -2.4019981469E+01     ESPe at Nucleus = -2.4019979579E+01
           ESPn =  9.2805357569E+00     ESPn at Nucleus =  9.2805338676E+00

CP# 7      Coords = -2.16895223859868E+00 -3.16881490590382E+00 -8.23972825712710E-20
           Type = (3,-3) NACP H7
           Rho =  4.4693258892E-01     Rho at Nucleus =  4.4247219515E-01
           GradRho =  4.6096505779E-10  5.4368907935E-09  1.0520372395E-18
           HessRho_EigVals = -8.8265727420E+00 -8.8226009684E+00 -8.0234490301E+00
           HessRho_EigVec1 =  9.9637765066E-01 -8.5038681026E-02  0.0000000000E+00
           HessRho_EigVec2 =  0.0000000000E+00  0.0000000000E+00  1.0000000000E+00
           HessRho_EigVec3 =  8.5038681026E-02  9.9637765066E-01  0.0000000000E+00
           DelSqRho = -2.5672622741E+01
           Bond Ellipticity = NA
           V = -6.4338712262E+00
           G =  7.8577705265E-03
           K =  6.4260134557E+00
           L =  6.4181556851E+00
           Vnuc =  4.0054834883E+01
           Ven = -1.7901811053E+01
           Vrep =  1.1467939827E+01
           DelSqV =  1.6412835344E+03
           DelSqVen =  1.0283126751E+03
           DelSqVrep =  6.1297085934E+02
           DelSqG =  1.2340823538E+02
           DelSqK = -1.7646917698E+03
           Stress_EigVals = -2.2124455660E+00 -2.2123756507E+00 -2.0090500095E+00
           Stress_EigVec1 =  0.0000000000E+00  0.0000000000E+00  1.0000000000E+00
           Stress_EigVec2 =  9.9639534907E-01 -8.4831057742E-02  0.0000000000E+00
           Stress_EigVec3 =  8.4831057742E-02  9.9639534907E-01  0.0000000000E+00
           -DivStress = -1.4742160994E+00 -1.7368962708E+01  4.3970812702E-17
           ESP =  -1.1369094041E+00     ESP at Nucleus =  -1.1382793896E+00
           ESPe = -1.0596998488E+01     ESPe at Nucleus = -1.0517912383E+01
           ESPn =  9.4600890836E+00     ESPn at Nucleus =  9.3796329938E+00

CP# 8      Coords = -3.82875032249414E+00 -2.93960288728487E-01 -1.09913277675112E-19
           Type = (3,-3) NACP H8
           Rho =  4.4693258943E-01     Rho at Nucleus =  4.4247219567E-01
           GradRho =  2.5993096564E-13 -1.2254867260E-13  6.2530160928E-19
           HessRho_EigVals = -8.8265727479E+00 -8.8226009743E+00 -8.0234490193E+00
           HessRho_EigVec1 =  4.2454316958E-01  9.0540769666E-01  0.0000000000E+00
           HessRho_EigVec2 =  0.0000000000E+00  0.0000000000E+00  1.0000000000E+00
           HessRho_EigVec3 =  9.0540769666E-01 -4.2454316958E-01  0.0000000000E+00
           DelSqRho = -2.5672622742E+01
           Bond Ellipticity = NA
           V = -6.4338712264E+00
           G =  7.8577704995E-03
           K =  6.4260134559E+00
           L =  6.4181556854E+00
           Vnuc =  4.0054834319E+01
           Ven = -1.7901810821E+01
           Vrep =  1.1467939595E+01
           DelSqV =  1.6412835318E+03
           DelSqVen =  1.0283126504E+03
           DelSqVrep =  6.1297088136E+02
           DelSqG =  1.2340823505E+02
           DelSqK = -1.7646917668E+03
           Stress_EigVals = -2.2124455674E+00 -2.2123756521E+00 -2.0090500068E+00
           Stress_EigVec1 =  0.0000000000E+00  0.0000000000E+00  1.0000000000E+00
           Stress_EigVec2 =  4.2473182592E-01  9.0531921224E-01  0.0000000000E+00
           Stress_EigVec3 =  9.0531921224E-01 -4.2473182592E-01  0.0000000000E+00
           -DivStress = -1.5779071232E+01  7.4077729172E+00  5.5666808404E-17
           ESP =  -1.1369094058E+00     ESP at Nucleus =  -1.1382793913E+00
           ESPe = -1.0596998491E+01     ESPe at Nucleus = -1.0517912385E+01
           ESPn =  9.4600890850E+00     ESPn at Nucleus =  9.3796329938E+00

CP# 9      Coords =  2.01484686696965E+00 -1.16327238667366E+00 -7.07431580505818E-23
           Type = (3,-3) NACP C9
           Rho =  1.1947619024E+02     Rho at Nucleus =  1.1947619012E+02
           GradRho = -6.1476179702E-10  3.5601677162E-10 -1.6553270829E-18
           HessRho_EigVals = -1.8122298215E+05 -1.8122273853E+05 -1.8122206727E+05
           HessRho_EigVec1 =  0.0000000000E+00  0.0000000000E+00  1.0000000000E+00
           HessRho_EigVec2 =  8.6602540034E-01 -5.0000000597E-01  0.0000000000E+00
           HessRho_EigVec3 =  5.0000000597E-01  8.6602540034E-01  0.0000000000E+00
           DelSqRho = -5.4366778795E+05
           Bond Ellipticity = NA
           V = -1.3593102122E+05
           G =  7.0371183093E+00
           K =  1.3592398411E+05
           L =  1.3591694699E+05
           Vnuc =  5.2326312472E+06
           Ven = -6.2517484636E+08
           Vrep =  6.2503891534E+08
           DelSqV =  4.6068292941E+09
           DelSqVen =  2.8448132301E+12
           DelSqVrep = -2.8402064663E+12
           DelSqG =  2.0618406955E+08
           DelSqK = -4.8130133637E+09
           Stress_EigVals = -4.5310508806E+04 -4.5310365142E+04 -4.5310147276E+04
           Stress_EigVec1 =  5.0000000378E-01  8.6602540160E-01  0.0000000000E+00
           Stress_EigVec2 =  8.6602540160E-01 -5.0000000378E-01  0.0000000000E+00
           Stress_EigVec3 =  0.0000000000E+00  0.0000000000E+00  1.0000000000E+00
           -DivStress =  1.4902674609E+03 -8.6040632469E+02  9.9366191388E-14
           ESP =  -1.4739445713E+01     ESP at Nucleus =  -1.4739445712E+01
           ESPe = -2.4019981469E+01     ESPe at Nucleus = -2.4019979579E+01
           ESPn =  9.2805357569E+00     ESPn at Nucleus =  9.2805338676E+00

CP# 10     Coords =  2.16895223859868E+00 -3.16881490590382E+00 -2.86752677240198E-20
           Type = (3,-3) NACP H10
           Rho =  4.4693258892E-01     Rho at Nucleus =  4.4247219515E-01
           GradRho = -4.6096505779E-10  5.4368907215E-09  2.9828393916E-19
           HessRho_EigVals = -8.8265727420E+00 -8.8226009684E+00 -8.0234490301E+00
           HessRho_EigVec1 =  9.9637765066E-01  8.5038681026E-02  0.0000000000E+00
           HessRho_EigVec2 =  0.0000000000E+00  0.0000000000E+00  1.0000000000E+00
           HessRho_EigVec3 = -8.5038681026E-02  9.9637765066E-01  0.0000000000E+00
           DelSqRho = -2.5672622741E+01
           Bond Ellipticity = NA
           V = -6.4338712262E+00
           G =  7.8577705265E-03
           K =  6.4260134557E+00
           L =  6.4181556851E+00
           Vnuc =  4.0054834883E+01
           Ven = -1.7901811053E+01
           Vrep =  1.1467939827E+01
           DelSqV =  1.6412835344E+03
           DelSqVen =  1.0283126751E+03
           DelSqVrep =  6.1297085934E+02
           DelSqG =  1.2340823538E+02
           DelSqK = -1.7646917698E+03
           Stress_EigVals = -2.2124455660E+00 -2.2123756507E+00 -2.0090500095E+00
           Stress_EigVec1 =  0.0000000000E+00  0.0000000000E+00  1.0000000000E+00
           Stress_EigVec2 =  9.9639534907E-01  8.4831057742E-02  0.0000000000E+00
           Stress_EigVec3 = -8.4831057742E-02  9.9639534907E-01  0.0000000000E+00
           -DivStress =  1.4742160994E+00 -1.7368962708E+01  1.3144756676E-17
           ESP =  -1.1369094041E+00     ESP at Nucleus =  -1.1382793896E+00
           ESPe = -1.0596998488E+01     ESPe at Nucleus = -1.0517912383E+01
           ESPn =  9.4600890836E+00     ESPn at Nucleus =  9.3796329938E+00

CP# 11     Coords =  3.82875032249414E+00 -2.93960288728487E-01 -1.61072912365491E-20
           Type = (3,-3) NACP H11
           Rho =  4.4693258943E-01     Rho at Nucleus =  4.4247219567E-01
           GradRho = -2.5992749619E-13 -1.2256168302E-13 -2.3515167140E-19
           HessRho_EigVals = -8.8265727479E+00 -8.8226009743E+00 -8.0234490193E+00
           HessRho_EigVec1 = -4.2454316958E-01  9.0540769666E-01  0.0000000000E+00
           HessRho_EigVec2 =  0.0000000000E+00  0.0000000000E+00  1.0000000000E+00
           HessRho_EigVec3 =  9.0540769666E-01  4.2454316958E-01  0.0000000000E+00
           DelSqRho = -2.5672622742E+01
           Bond Ellipticity = NA
           V = -6.4338712264E+00
           G =  7.8577704995E-03
           K =  6.4260134559E+00
           L =  6.4181556854E+00
           Vnuc =  4.0054834319E+01
           Ven = -1.7901810821E+01
           Vrep =  1.1467939595E+01
           DelSqV =  1.6412835318E+03
           DelSqVen =  1.0283126504E+03
           DelSqVrep =  6.1297088136E+02
           DelSqG =  1.2340823505E+02
           DelSqK = -1.7646917668E+03
           Stress_EigVals = -2.2124455674E+00 -2.2123756521E+00 -2.0090500068E+00
           Stress_EigVec1 =  0.0000000000E+00  0.0000000000E+00  1.0000000000E+00
           Stress_EigVec2 = -4.2473182592E-01  9.0531921224E-01  0.0000000000E+00
           Stress_EigVec3 =  9.0531921224E-01  4.2473182592E-01  0.0000000000E+00
           -DivStress =  1.5779071232E+01  7.4077729172E+00  7.1177687317E-18
           ESP =  -1.1369094058E+00     ESP at Nucleus =  -1.1382793913E+00
           ESPe = -1.0596998491E+01     ESPe at Nucleus = -1.0517912385E+01
           ESPn =  9.4600890850E+00     ESPn at Nucleus =  9.3796329938E+00

CP# 12     Coords = -1.12688060939001E-20 -2.12095660807361E-13  3.77073036577267E+00
           Type = (3,-3) NACP H12
           Rho =  4.4478935389E-01     Rho at Nucleus =  4.4018389283E-01
           GradRho =  4.2624958679E-19 -2.3752661027E-19  1.7108710282E-15
           HessRho_EigVals = -8.7838352324E+00 -8.7838352323E+00 -7.9596316992E+00
           HessRho_EigVec1 =  1.0000000000E+00  0.0000000000E+00  0.0000000000E+00
           HessRho_EigVec2 =  0.0000000000E+00  1.0000000000E+00 -2.4490476987E-12
           HessRho_EigVec3 =  0.0000000000E+00  2.4490476987E-12  1.0000000000E+00
           DelSqRho = -2.5527302164E+01
           Bond Ellipticity = NA
           V = -6.3969222729E+00
           G =  7.5483659571E-03
           K =  6.3893739069E+00
           L =  6.3818255410E+00
           Vnuc =  3.9393893685E+01
           Ven = -1.7521984519E+01
           Vrep =  1.1125062246E+01
           DelSqV =  1.6298016435E+03
           DelSqVen =  1.0056198275E+03
           DelSqVrep =  6.2418181602E+02
           DelSqG =  1.2259982988E+02
           DelSqK = -1.7524014734E+03
           Stress_EigVals = -2.2018670286E+00 -2.2018670286E+00 -1.9931882157E+00
           Stress_EigVec1 =  0.0000000000E+00  1.0000000000E+00 -2.1836928217E-12
           Stress_EigVec2 =  1.0000000000E+00  0.0000000000E+00  0.0000000000E+00
           Stress_EigVec3 =  0.0000000000E+00  2.1836928217E-12  1.0000000000E+00
           -DivStress =  3.1801895998E-18  1.1336052436E-10  1.7667067029E+01
           ESP =  -1.1281409845E+00     ESP at Nucleus =  -1.1295771060E+00
           ESPe = -1.0508286176E+01     ESPe at Nucleus = -1.0423156981E+01
           ESPn =  9.3801451920E+00     ESPn at Nucleus =  9.2935798748E+00

CP# 13     Coords =  3.58637290052146E-20 -2.12095694444457E-13 -3.77073036577267E+00
           Type = (3,-3) NACP H13
           Rho =  4.4478935389E-01     Rho at Nucleus =  4.4018389283E-01
           GradRho =  3.5609795773E-20  8.2817386724E-19 -1.7074015812E-15
           HessRho_EigVals = -8.7838352324E+00 -8.7838352323E+00 -7.9596316992E+00
           HessRho_EigVec1 =  1.0000000000E+00  0.0000000000E+00  0.0000000000E+00
           HessRho_EigVec2 =  0.0000000000E+00  1.0000000000E+00  2.4490485222E-12
           HessRho_EigVec3 =  0.0000000000E+00 -2.4490485222E-12  1.0000000000E+00
           DelSqRho = -2.5527302164E+01
           Bond Ellipticity = NA
           V = -6.3969222729E+00
           G =  7.5483659571E-03
           K =  6.3893739069E+00
           L =  6.3818255410E+00
           Vnuc =  3.9393893685E+01
           Ven = -1.7521984519E+01
           Vrep =  1.1125062246E+01
           DelSqV =  1.6298016435E+03
           DelSqVen =  1.0056198275E+03
           DelSqVrep =  6.2418181602E+02
           DelSqG =  1.2259982988E+02
           DelSqK = -1.7524014734E+03
           Stress_EigVals = -2.2018670286E+00 -2.2018670286E+00 -1.9931882157E+00
           Stress_EigVec1 =  0.0000000000E+00  1.0000000000E+00  2.1836931706E-12
           Stress_EigVec2 =  1.0000000000E+00  0.0000000000E+00  0.0000000000E+00
           Stress_EigVec3 =  0.0000000000E+00 -2.1836931706E-12  1.0000000000E+00
           -DivStress = -1.9564214327E-17  1.1336054220E-10 -1.7667067029E+01
           ESP =  -1.1281409845E+00     ESP at Nucleus =  -1.1295771060E+00
           ESPe = -1.0508286176E+01     ESPe at Nucleus = -1.0423156981E+01
           ESPn =  9.3801451920E+00     ESPn at Nucleus =  9.2935798748E+00

CP# 14     Coords = -3.98113128716511E-16 -4.41766453012884E-10  6.99020638111661E-17
           Type = (3,+3) CCP C1 C2 C3 C6 C9
           Rho =  1.0160387171E-01
           GradRho = -2.7253086907E-17 -3.9037657452E-18  4.0830791212E-18
           HessRho_EigVals =  7.4864662894E-02  7.4864664244E-02  3.3933936362E-01
           HessRho_EigVec1 =  1.0000000000E+00  0.0000000000E+00  0.0000000000E+00
           HessRho_EigVec2 =  0.0000000000E+00  1.0000000000E+00  0.0000000000E+00
           HessRho_EigVec3 =  0.0000000000E+00  0.0000000000E+00  1.0000000000E+00
           DelSqRho =  4.8906869076E-01
           Bond Ellipticity = NA
           V = -1.7713434624E-01
           G =  1.4970075946E-01
           K =  2.7433586774E-02
           L = -1.2226717269E-01
           Vnuc =  1.6613541400E+01
           Ven = -1.6880001291E+00
           Vrep =  1.5108657828E+00
           DelSqV = -6.2867800831E-01
           DelSqVen = -8.1251629416E+00
           DelSqVrep =  7.4964849333E+00
           DelSqG =  1.0556679486E-01
           DelSqK =  5.2311121345E-01
           Stress_EigVals = -6.8740984524E-02 -6.8740984431E-02 -3.9652377282E-02
           Stress_EigVec1 =  0.0000000000E+00  1.0000000000E+00  0.0000000000E+00
           Stress_EigVec2 =  1.0000000000E+00  0.0000000000E+00  0.0000000000E+00
           Stress_EigVec3 =  0.0000000000E+00  0.0000000000E+00  1.0000000000E+00
           -DivStress =  1.0082788977E-17  4.5682022073E-12 -1.9211962141E-17
           ESP =   4.7104800425E-01
           ESPe = -1.6142493396E+01
           ESPn =  1.6613541400E+01

CP# 15     Coords =  5.15585810831615E-18  1.21974356425640E+00  9.60854463947959E-01
           Type = (3,-1) BCP C1 C2
           Rho =  2.4067790431E-01
           GradRho = -1.3161089443E-18 -2.7944660475E-14 -1.7645607198E-14
           HessRho_EigVals = -4.4278076226E-01 -4.3836581782E-01  3.5682199801E-01
           HessRho_EigVec1 =  1.0000000000E+00  0.0000000000E+00  0.0000000000E+00
           HessRho_EigVec2 =  0.0000000000E+00  6.1321358320E-01  7.8991714842E-01
           HessRho_EigVec3 =  0.0000000000E+00  7.8991714842E-01 -6.1321358320E-01
           DelSqRho = -5.2432458207E-01
           Bond Ellipticity =  1.0071370222E-02
           V = -2.5219393995E-01
           G =  6.0556397216E-02
           K =  1.9163754273E-01
           L =  1.3108114552E-01
           Vnuc =  1.5952128776E+01
           Ven = -3.8393249230E+00
           Vrep =  3.5871309831E+00
           DelSqV = -1.7868933872E+00
           DelSqVen =  8.3640932534E+00
           DelSqVrep = -1.0150986641E+01
           DelSqG =  1.1264745257E+00
           DelSqK =  6.6041886149E-01
           Stress_EigVals = -1.6357186233E-01 -1.6130834235E-01  7.2686264736E-02
           Stress_EigVec1 =  0.0000000000E+00  6.0407096817E-01  7.9693052735E-01
           Stress_EigVec2 =  1.0000000000E+00  0.0000000000E+00  0.0000000000E+00
           Stress_EigVec3 =  0.0000000000E+00  7.9693052735E-01 -6.0407096817E-01
           -DivStress = -1.8908550508E-18 -3.1297699484E-02 -3.0499525134E-02
           ESP =   6.1379771222E-01
           ESPe = -1.5338331063E+01
           ESPn =  1.5952128776E+01
           BPL =  2.9292035028E+00 =  1.4664327149E+00 +  1.4627707880E+00
           GBL_I =  2.9201009343E+00
           GBL_II =  2.9201030637E+00
           GBL_III =  2.9264948694E+00 =  1.4656910299E+00 +  1.4608038395E+00
           GBL_IV =  2.9264968424E+00 =  1.4656918958E+00 +  1.4608049465E+00
             60 sample points along path from BCP to atom C1      
             5.1558581083E-18   1.2197435643E+00   9.6085446395E-01   2.4067790431E-01
            -1.0448427049E-18   1.2394805780E+00   9.4551007802E-01   2.4078935591E-01
            -6.6683749833E-19   1.2591957644E+00   9.3013765745E-01   2.4112295600E-01
            -5.4395700154E-19   1.2788884102E+00   9.1473637215E-01   2.4167637344E-01
            -7.6711276543E-19   1.2985585562E+00   8.9930636092E-01   2.4244568398E-01
            -9.2679686282E-19   1.3182061842E+00   8.8384768682E-01   2.4342538266E-01
            -3.7579902460E-19   1.3378312888E+00   8.6836042882E-01   2.4460840463E-01
            -2.0184803997E-19   1.3574338792E+00   8.5284468390E-01   2.4598615767E-01
             4.3836868704E-20   1.3770139719E+00   8.3730055751E-01   2.4754857091E-01
            -1.0215752999E-19   1.3965715783E+00   8.2172814855E-01   2.4928416549E-01
            -4.3895824583E-20   1.4161066894E+00   8.0612752909E-01   2.5118015453E-01
             1.1949929730E-19   1.4356192528E+00   7.9049871715E-01   2.5322258211E-01
             1.6621144331E-19   1.4551091434E+00   7.7484164025E-01   2.5539651362E-01
             3.2808249980E-19   1.4745761223E+00   7.5915608574E-01   2.5768629369E-01
             4.6763140013E-19   1.4940197807E+00   7.4344163278E-01   2.6007589327E-01
             3.8230944713E-19   1.5134394617E+00   7.2769755885E-01   2.6254937416E-01
             3.4171107616E-19   1.5328341533E+00   7.1192271175E-01   2.6509150872E-01
             1.9544122227E-19   1.5522023425E+00   6.9611533706E-01   2.6768860459E-01
             2.8743722198E-19   1.5715418224E+00   6.8027285204E-01   2.7032959958E-01
             7.5706388237E-20   1.5908494501E+00   6.6439156507E-01   2.7300751146E-01
             1.4627633830E-19   1.6101208675E+00   6.4846635965E-01   2.7572135121E-01
             2.8529985123E-19   1.6293502313E+00   6.3249040431E-01   2.7847863824E-01
             3.5015442308E-19   1.6485300603E+00   6.1645501911E-01   2.8129869256E-01
             3.7239169137E-19   1.6676513779E+00   6.0034991388E-01   2.8421692549E-01
             1.7736484070E-19   1.6867043803E+00   5.8416405443E-01   2.8729041256E-01
             2.8346938884E-20   1.7056797816E+00   5.6788729654E-01   2.9060511745E-01
             9.0844491263E-20   1.7245706953E+00   5.5151256196E-01   2.9428526205E-01
             2.1113578641E-19   1.7433744720E+00   5.3503783743E-01   2.9850552922E-01
             1.6101037909E-20   1.7620936769E+00   5.1846707656E-01   3.0350708195E-01
             6.2738702203E-20   1.7807357017E+00   5.0180952749E-01   3.0961883293E-01
             1.3659219379E-19   1.7993112243E+00   4.8507784245E-01   3.1728605923E-01
             1.0072149138E-19   1.8178322588E+00   4.6828585480E-01   3.2710938428E-01
             1.0651495330E-19   1.8363105109E+00   4.5144679467E-01   3.3989839720E-01
             9.4184549736E-20   1.8547563642E+00   4.3457224705E-01   3.5674577751E-01
             9.3039037708E-20   1.8731784616E+00   4.1767176613E-01   3.7912971874E-01
             9.6416192318E-20   1.8915836855E+00   4.0075290982E-01   4.0905457848E-01
             9.5798552794E-20   1.9099773413E+00   3.8382147721E-01   4.4924176665E-01
             8.5490833522E-20   1.9283634125E+00   3.6688180842E-01   5.0338449796E-01
             7.6618792617E-20   1.9467448166E+00   3.4993707532E-01   5.7648067950E-01
             6.9707188295E-20   1.9651236337E+00   3.3298953618E-01   6.7525769968E-01
             5.7881855586E-20   1.9835013001E+00   3.1604074928E-01   8.0870240547E-01
             6.3232560295E-20   2.0018787696E+00   2.9909174885E-01   9.8871367728E-01
             5.9393930080E-20   2.0202566451E+00   2.8214318870E-01   1.2309145074E+00
             5.8295792898E-20   2.0386352856E+00   2.6519545809E-01   1.5557137365E+00
             5.0866263116E-20   2.0570148903E+00   2.4824877316E-01   1.9898149202E+00
             4.8206213727E-20   2.0753955631E+00   2.3130324660E-01   2.5685317875E+00
             4.3923099556E-20   2.0937773574E+00   2.1435893671E-01   3.3394237043E+00
             4.1870751313E-20   2.1121603039E+00   1.9741587683E-01   4.3677314365E+00
             3.8936481477E-20   2.1305444203E+00   1.8047408644E-01   5.7435754002E+00
             3.4820349552E-20   2.1489297099E+00   1.6353356912E-01   7.5896929306E+00
             3.2572382436E-20   2.1673161568E+00   1.4659430794E-01   1.0067505482E+01
             2.8377540770E-20   2.1857037330E+00   1.2965627260E-01   1.3382356689E+01
             2.4573381762E-20   2.2040924221E+00   1.1271944546E-01   1.7801845205E+01
             2.0892467466E-20   2.2224822465E+00   9.5783851060E-02   2.3715222293E+01
             1.7378909245E-20   2.2408732550E+00   7.8849542543E-02   3.1717038407E+01
             1.3206135279E-20   2.2592654590E+00   6.1916532379E-02   4.2545463979E+01
             9.8402095255E-21   2.2776588602E+00   4.4984822760E-02   5.6974029591E+01
             6.1101370113E-21   2.2960536530E+00   2.8054624923E-02   7.6778330706E+01
             2.2711100031E-21   2.3144501424E+00   1.1126270705E-02   1.0327330797E+02
             1.8486833020E-22   2.3265447633E+00   2.0549622108E-22   1.1947619008E+02
             60 sample points along path from BCP to atom C2      
             5.1558581083E-18   1.2197435643E+00   9.6085446395E-01   2.4067790431E-01
             2.2147716668E-19   1.1999847683E+00   9.7617079102E-01   2.4078933302E-01
             7.7685677712E-19   1.1802044290E+00   9.9145928564E-01   2.4112277321E-01
            -1.7240460862E-19   1.1604021391E+00   1.0067193384E+00   2.4167575863E-01
            -1.6874185921E-19   1.1405782395E+00   1.0219513081E+00   2.4244423379E-01
            -3.0885748368E-19   1.1207330123E+00   1.0371554805E+00   2.4342256870E-01
            -4.0274711006E-19   1.1008667517E+00   1.0523321597E+00   2.4460358245E-01
            -2.9625681693E-19   1.0809797637E+00   1.0674816684E+00   2.4597857909E-01
            -3.4526188793E-19   1.0610723561E+00   1.0826043344E+00   2.4753740052E-01
            -1.3963611774E-19   1.0411448214E+00   1.0977004688E+00   2.4926850231E-01
            -3.8111674102E-19   1.0211974136E+00   1.1127703339E+00   2.5115906007E-01
            -4.5102434784E-19   1.0012303138E+00   1.1278140979E+00   2.5319511641E-01
            -1.9824194843E-19   9.8124358314E-01   1.1428317712E+00   2.5536178120E-01
            -1.3969931179E-19   9.6123709532E-01   1.1578231138E+00   2.5764350196E-01
            -1.1090735671E-19   9.4121044119E-01   1.1727875058E+00   2.6002442648E-01
            -2.8616457578E-19   9.2116279381E-01   1.1877237612E+00   2.6248888700E-01
            -1.4620419543E-19   9.0109271931E-01   1.2026298668E+00   2.6502204478E-01
            -3.0043362674E-19   8.8099791672E-01   1.2175026187E+00   2.6761074624E-01
            -1.7369422163E-19   8.6087487092E-01   1.2323371328E+00   2.7024465791E-01
            -3.9776066414E-19   8.4071841386E-01   1.2471262140E+00   2.7291776717E-01
            -2.2922523990E-19   8.2052121931E-01   1.2618596062E+00   2.7563036139E-01
            -2.5161278553E-20   8.0027331978E-01   1.2765232277E+00   2.7839162889E-01
             3.3422187436E-19   7.7996183903E-01   1.2910986360E+00   2.8122306536E-01
             2.7673757842E-19   7.5957125977E-01   1.3055631578E+00   2.8416291980E-01
             3.6330855008E-19   7.3908460301E-01   1.3198912472E+00   2.8727198071E-01
             2.8777312347E-19   7.1848571605E-01   1.3340574815E+00   2.9064109330E-01
             1.4349739146E-19   6.9776233318E-01   1.3480409372E+00   2.9440092703E-01
            -1.0001733170E-19   6.7690889250E-01   1.3618296793E+00   2.9873470826E-01
            -3.3860739997E-19   6.5592786122E-01   1.3754235030E+00   3.0389494235E-01
            -3.0694306599E-19   6.3482896875E-01   1.3888336929E+00   3.1022562889E-01
            -2.5795110235E-19   6.1362684803E-01   1.4020801046E+00   3.1819217953E-01
            -4.1189779814E-19   5.9233822828E-01   1.4151870814E+00   3.2842222885E-01
            -3.9665742161E-19   5.7097964206E-01   1.4281797568E+00   3.4176182984E-01
            -3.0768823764E-19   5.4956602259E-01   1.4410815466E+00   3.5935317152E-01
            -3.2352984568E-19   5.2811009790E-01   1.4539128705E+00   3.8274191715E-01
            -2.9018547747E-19   5.0662230952E-01   1.4666907700E+00   4.1402440420E-01
            -2.6586019446E-19   4.8511100148E-01   1.4794290391E+00   4.5604699040E-01
            -2.8186561167E-19   4.6358271123E-01   1.4921385888E+00   5.1267133159E-01
            -2.8681448606E-19   4.4204247322E-01   1.5048278802E+00   5.8911984882E-01
            -2.7035329149E-19   4.2049409765E-01   1.5175033485E+00   6.9241501578E-01
            -2.3770213175E-19   3.9894041397E-01   1.5301697890E+00   8.3192589349E-01
            -2.3543212267E-19   3.7738348005E-01   1.5428306972E+00   1.0200408610E+00
